77 91 91 93 49 99 89 82 51 93 56 82
47 68 81 49 45 100 56 54 43 69 66
82 46 75 44 82 97 56 50 85 99 85 92 44 48 65 50
47 70 94 44 61 46 78 51 75 60 42 93 93 76
53 52 43 62 94 71 93 46 88 94 80
42 77 96 51 76 45 55 59 74
41 43 57 72 59 63 59 63 86 44 99 71 94
50 47 89 94 67 53 56 49 62 44 45
49 66 60 56 42 57 80 61 51 58 43
53 41 94 58 74 72 100 61 95 94 41 88 69
68 65 84 77 84 82 50 93 94 43 86 96 57 54
45 72 75 59 50 70 64 79 80 48 68
77 84 98 43 93 92 100 68 87 79 47 72 57 93 97
98 51 47 100 73 63 74 88
43 96 69 85 45 71 67 47 63 84 84 54 98 83 50
47 81 84 96 41 94 59 62 82 71 50 91 83 79 91 84
94 81 60 70 61 69 58 80 95 44 77 80 65
81 84 59 70 48 66 75 57 70 58 70 79
85 75 78 70 62 82 41 94 92 60 100
47 93 60 46 54 73 67 48 47 99
61 52 59 45 68 92 53 57 58 52
95 87 76 54 60 78 94 81 75 50 66 49 81
83 86 91 44 48 42 41 65 58 88 64 65
43 96 81 81 50 68 83 53 50 65 63 84 71 52
96 48 55 97 95 99 84
53 60 80 70 64 62 65 56 89 89 68 58 55
64 100 82 94 50 96 79 60 100 88
49 64 75 43 52 97 71 64 42 64 60 49 100 76 79
54 87 94 47 90 74 70 94 45 90 58 54 66
54 69 58 94 79 53 52 59 57 72 46 65 90 90
59 41 59 94 80 82 91 44 89
77 83 92 85 74 45 95 57 59 87 52 52
51 41 72 71 79 82 65 76 44 93
77 53 67 83 89 51 65 41 100 79 88 96 80 54 51
50 99 54 80 77 47 87 71 95 100
94 78 89 97 87 49 86 51 88 96 97 71 92 90 62
46 47 50 98 68 100 74 41 68 75 46 67
81 55 67 42 44 83 73 92 83 66 50
66 74 81 92 44 92 78 61 91 94 77 67 49 92 97
50 85 43 95 73 66 90
88 41 95 41 67 85 76 72 93 95 52 68 73
53 43 55 54 78 62 64 48 62 79 42 55 92
83 79 91 56 49 81 61 88 81 61 99 42 64 63 45
43 44 87 53 100 75 75 89 84 99 42 79 61 80
42 94 54 44 54 84 53 75 61 52 94 84 77
41 77 54 64 77 96 95 41
69 69 55 78 83 68 55 61
89 46 81 96 80 58 64 95 48 67 65 42 42
89 98 78 99 70 43 57 58 55 94 83 46 64 85
56 89 90 100 94 52 55 44 99 46 47 42 86
54 68 70 86 83 100 41 97 80 52
73 96 53 98 89 95 52 52 80 94 53 58 95 74
98 66 64 81 56 78 67 58 46 75 63 99 87 64
57 83 58 42 98 84 44 44 99 77 70
55 41 96 55 68 66 62 47 94 54 48 99 46
63 83 47 72 42 49 55 69 67 49
71 81 64 85 84 59 87 72 72 41 62 92
52 94 60 95 48 64 97 50 96 50 70 46 95
77 54 52 58 57 77 82 65 54 50 88 99 74 88 96
51 75 69 79 69 58 98 92 54 71
64 47 41 45 97 85 61 60 47 56 66 97 81 48
58 66 61 71 48 72 48 78 67 89 71
67 90 79 75 78 66 42 44 85
97 53 65 91 95 58 87 61 89 42 78
72 44 84 85 64 74 87 41 73 73 87 62 97 94 69 100 64
69 58 86 61 44 74 69 66 46 73 65 42
67 98 53 62 92 94 71 96 68 75 69 53 51 65 94
57 52 59 93 100 94 85 50 81 51 85
41 67 97 76 69 89 94 62 44 58 54 87 51 54
70 84 45 78 57 57 91 100
67 70 60 72 57 67 82 84 100 41 81
50 89 54 94 94 65 60 73 64 66 81
87 84 98 72 73 80 74 99 49 53 54 95 44 91
79 50 94 80 71 73 88 44 41 54
69 90 65 73 45 43 66 77 50 44 47 51 88
83 70 71 53 91 73 81 94 52
70 91 84 71 82 45 91 80 74 76 61 46
50 63 76 51 63 87 67 63
59 93 48 65 56 97 78 59 65 89 81 64 63 52 42 80
85 63 53 49 80 83 44 63 60 80 100 47
81 68 53 66 45 70 93 97 100 45 67 50 82 81 50
91 90 70 82 80 93 79 98 89 84 51 80 68 88
55 52 74 94 56 82 78 69 43 53 74 75 99 43 84
100 71 99 86 50 73 93 68 79
43 60 86 82 79 88 70 88 70 60 65 67 54
91 98 44 74 86 95 50 63 74 47 61
69 99 86 42 62 58 94 80 73 84 43 72 58
54 79 95 80 62 60 47 88 96 43 89
73 71 86 45 79 46 71 55 89 63
51 46 92 60 54 60 68 58 61 87 86 70 41
81 64 80 99 83 67 94 98 74 93 51 57 68 82 48
73 94 79 86 54 49 89
84 85 64 71 62 91 90 68 60 96
100 90 96 75 83 42 53 48 55 89 68 53
87 70 80 42 53 41 75 93 69 46
83 48 83 80 53 65 77 92 80 53
72 91 46 43 68 100 80 92 79 58 53 87 69 83 71
58 54 66 65 83 44 44 82 65 51 63 63
62 52 89 70 50 62 82 75 54 97
67 99 81 73 72 80 67 89 79 61 53 67 100 61
